3785574108 0
3785574109 0
3785575423 0
3785576737 0
3785577123 0
3785578437 0
3785579751 0
3785581065 0
3785582379 0
3785583151 0
3785584465 0
3785585779 0
3785587093 0
3785588407 0
3785589721 0
3785591035 0
3785592349 0
3785593663 0
3785594977 0
3785596291 0
3785597605 0
3785598919 0
3785600233 0
3785601547 0
3785602861 0
3785604175 0
3785605489 0
3785606803 0
3785608117 0
3785609431 0
3785610745 0
3785612059 0
3785614687 0
3785616001 0
3785617315 0
3785618629 0
3785619943 0
3785621257 0
3785622571 0
3785623885 0
3785625199 0
3785626513 0
3785627827 0
3785629141 0
3785630455 0
3785631769 0
3785633083 0
3785634397 0
3785635711 0
3785637025 0
3785638339 0
3785639653 0
3785640967 0
3785642281 0
3785643595 0
3785644909 0
3785646223 0
3785647537 0
3785648851 0
3785651479 0
3785652793 0
3785654107 0
3785655421 0
3785659363 0
3785660677 0
3785664143 0
3785665457 0
3785666771 0
3785668085 0
3785670713 0
3785672027 0
3785673341 0
3785674655 0
3785675969 0
3785677283 0
3785678597 0
3785679911 0
3785681225 0
3785682539 0
3785685167 0
3785686481 0
3785689109 0
3785690423 0
3785693051 0
3785694365 0
3785696993 0
3785698307 0
3785700935 0
3785702249 0
3785704877 0
3785706191 0
3785708819 0
3785710133 0
3785711447 0
3785712761 0
3785715389 0
3785719331 0
3785721959 0
3785723273 0
3785725901 0
3785728529 0
3785731157 0
3785733785 0
3785736413 0
3785739041 0
3785741669 0
3785744297 0
3785746925 0
3785750867 0
3785754809 0
3785757437 0
3785760065 0
3785761379 0
3785764007 0
3785766635 0
3785769263 0
3785771891 0
3785774519 0
3785777147 0
3785779775 0
3785782403 0
3785785031 0
3785788973 0
3785791601 0
3785795543 0
3785799485 0
3785800799 0
3785804741 0
3785807369 0
3785809997 0
3785811311 0
3785813939 0
3785815253 0
3785816567 0
3785819195 0
3785823137 0
3785825765 0
3785827079 0
3785829707 0
3785831021 0
3785833649 0
3785834963 0
3785837591 0
3785840219 0
3785842847 0
3785845475 0
3785848103 0
3785850731 0
3785852045 0
3785854673 0
3785857301 0
3785859929 0
3785861243 0
3785862557 0
3785865185 0
3785869127 0
3785871755 0
3785875697 0
3785877011 0
3785879639 0
3785884895 0
3785891465 0
3785895407 0
3785900663 0
3785907233 0
3785909861 0
3785911175 0
3785912489 0
3785917745 0
3785919059 0
3785924315 0
3785928257 0
3785932199 0
3785936141 0
3785937455 0
3785942711 0
3785945339 0
3785946653 0
3785949281 0
3785950595 0
3785955851 0
3785962421 0
3785967677 0
3785968991 0
3785974247 0
3785978189 0
3785980817 0
3785986073 0
3785987387 0
3785990015 0
3785993957 0
3786000527 0
3786003155 0
3786007097 0
3786009725 0
3786013667 0
3786016295 0
3786020237 0
3786025493 0
3786028121 0
3786029435 0
3786030749 0
3786032063 0
3786036005 0
3786037319 0
3786039947 0
3786043889 0
3786047831 0
3786050459 0
3786053087 0
3786054401 0
3786057029 0
3786059657 0
3786062285 0
3786064913 0
3786067541 0
3786070169 0
3786072797 0
3786075425 0
3786078053 0
3786080681 0
3786083309 0
3786085937 0
3786088565 0
3786091193 0
3786093821 0
3786096449 0
3786099077 0
3786101705 0
3786104333 0
3786106961 0
3786109589 0
3786112217 0
3786113531 0
3786116159 0
3786118787 0
3786121415 0
3786122729 0
3786125357 0
3786127985 0
3786129299 0
3786131927 0
3786134555 0
3786137183 0
3786139811 0
3786142439 0
3786145067 0
3786146381 0
3786149009 0
3786151637 0
3786154265 0
3786156893 0
3786159521 0
3786160835 0
3786163463 0
3786166063 0
3786169921 0
3786173779 0
3786176351 0
3786178923 0
3786182781 0
3786185353 0
3786191783 0
3786194355 0
3786199499 0
3786203357 0
3786207215 0
3786209787 0
3786212359 0
3786216217 0
3786222647 0
3786229077 0
3786232935 0
3786236793 0
3786241937 0
3786243223 0
3786246245 0
3786247559 0
3786248845 0
3786250131 0
3786251417 0
3786252703 0
3786260419 0
3786262991 0
3786264277 0
3786265563 0
3786268135 0
3786271993 0
3786273279 0
3786275883 0
3786282393 0
3786283695 0
3786286299 0
3786290205 0
3786294111 0
3786298017 0
3786301923 0
3786304527 0
3786309735 0
3786314943 0
3786316245 0
3786324057 0
3786330567 0
3786334473 0
3786339681 0
3786346191 0
3786351399 0
3786355305 0
3786357909 0
3786365721 0
3786372231 21
3786373533 0
3786374819 0
3786376105 0
3786376137 0
3786377423 0
3786378709 0
3786379995 0
3786381281 0
3786382567 0
3786383853 0
3786385251 0
3786386537 0
3786387823 0
3786389109 0
3786390395 0
3786391681 0
3786392967 0
3786394253 0
3786395539 0
3786395667 0
3786396953 0
3786398239 0
3786399525 0
3786400811 0
3786402097 0
3786404669 0
3786406083 0
3786407369 0
3786408655 0
3786409941 0
3786411227 0
3786412513 0
3786413799 0
3786415085 0
3786416371 0
3786416499 0
3786417785 0
3786419071 0
3786421643 0
3786422929 0
3786424215 0
3786425501 0
3786426787 0
3786426915 0
3786428201 0
3786429487 0
3786430773 0
3786432059 0
3786433345 0
3786434631 0
3786435917 0
3786437203 0
3786437331 0
3786438617 0
3786441189 0
3786443761 0
3786445047 0
3786446333 0
3786447619 0
3786447747 0
3786449033 0
3786452891 0
3786454193 0
3786455495 0
3786456861 0
3786458163 0
3786459465 0
3786463371 0
3786467277 0
3786473787 0
3786477693 0
3786478995 0
3786480297 0
3786484203 0
3786488109 0
3786490713 0
3786494619 0
3786498525 0
3786499827 0
3786501129 0
3786502431 0
3786503733 0
3786505035 0
3786507639 0
3786508941 0
3786511545 0
3786514149 0
3786515451 0
3786519357 0
3786520659 0
3786523263 0
3786529773 0
3786531075 0
3786536283 0
3786538887 0
3786542793 0
3786548001 0
3786549303 0
3786550605 0
3786555813 0
3786559719 0
3786562323 0
3786570135 0
3786572739 0
3786577947 0
3786579249 0
3786580551 0
3786585759 0
3786590967 0
3786592269 0
3786594873 0
3786598779 0
3786600081 0
3786602685 0
3786605289 0
3786606591 0
3786607893 0
3786610497 0
3786611799 0
3786613101 0
3786615705 0
3786618333 0
3786620913 0
3786623541 0
3786624855 0
3786627483 0
3786630111 0
3786631329 0
3786632643 0
3786635271 0
3786637899 0
3786639213 0
3786640527 0
3786641745 0
3786643059 0
3786644373 0
3786645687 0
3786647001 0
3786648315 0
3786649629 0
3786650943 0
3786652161 0
3786653475 0
3786654789 0
3786656103 0
3786658731 0
3786660045 0
3786661359 0
3786662577 0
3786663891 0
3786665205 0
3786666519 0
3786669147 0
3786671775 0
3786672993 0
3786674307 0
3786676935 0
3786679563 0
3786682191 0
3786683409 0
3786684723 0
3786686037 0
3786687351 0
3786688665 0
3786689979 0
3786692523 0
3786695151 0
3786696465 0
3786697779 0
3786701721 0
3786702939 0
3786704253 0
3786706881 0
3786709509 0
3786710823 0
3786712137 0
3786713355 0
3786714669 0
3786717297 0
3786719925 0
3786721239 0
3786722553 0
3786723771 0
3786725085 0
3786727713 0
3786729027 0
3786730341 0
3786731655 0
3786732969 0
3786734187 0
3786735501 0
3786736815 0
3786738129 0
3786739443 0
3786740757 0
3786742071 0
3786743385 0
3786744603 0
3786745917 0
3786748545 0
3786749859 0
3786751173 0
3786753801 0
3786755019 0
3786758961 0
3786760275 0
3786761589 0
3786764133 0
3786766761 0
3786769389 0
3786770703 0
3786772017 0
3786774549 0
3786778491 0
3786781119 0
3786784965 0
3786786279 0
3786787593 0
3786791535 0
3786792849 0
3786795381 0
3786796695 0
3786799323 0
3786803265 0
3786804579 0
3786805797 0
3786807111 0
3786808425 0
3786809739 0
3786811053 0
3786814995 0
3786816213 0
3786820155 0
3787055887 0
3787058515 0
3787061143 0
3787063771 0
3787066399 0
3787068579 0
3787072521 0
3787075149 0
3787077777 0
3787079091 0
3787083033 0
3787085661 0
3787090917 0
3787091727 0
3787093041 0
3787096983 0
3787098297 0
3787104867 0
3787107495 0
3787109817 0
3787112445 0
3787113759 0
3787117701 0
3787122957 0
3787126899 0
3787129527 0
3787132155 0
3787132965 0
3787136907 0
3787140849 0
3787143477 0
3787146105 0
3787201797 0
3787226763 0
3787266497 0
3787270439 0
3787295405 0
3787312401 0
3787347879 0
3787371845 0
3787403381 0
3787427033 0
3787436545 0
3787449685 0
3787497303 0
3787499931 0
3787503873 0
3787505175 0
3787507779 0
3787512987 0
3787531215 0
3787612781 0
3787616687 0
3787755161 0
3787765577 0
3787775993 0
3787817657 0
3787819547 0
3787828661 0
3787829963 0
3787850795 0
3787871627 0
3787903463 0
3787904765 0
3787925597 0
3787958735 0
3787979567 0
3787989983 0
3787996493 0
3788006909 0
3788054369 0
3788055671 0
3788060879 0
3788064821 0
3788070077 0
3788071391 0
3788087603 0
3788173013 0
3788291273 0
3788293901 0
3788297843 0
3788299157 0
3788301785 0
3788488635 0
3788491263 0
3788493891 0
3788496519 0
3788607947 0
3788613203 0
3788615831 0
3788619773 0
3788622401 0
3788623715 0
3788625029 0
3788626343 0
3788774825 0
3788776139 0
3788780081 0
3788781395 0
3788782709 0
3788785337 0
3788786651 0
3788787965 0
3788790593 0
3788791907 0
3788793221 0
3788794535 0
3788795849 0
3788799791 0
3788801105 0
3788807675 0
3788808989 0
3788810303 0
3788812931 0
3788814245 0
3788815559 0
3788818187 0
3788822129 0
3788823443 0
3788824757 0
3788827385 0
3788828699 0
3788831327 0
3788835269 0
3788841839 0
3788843153 0
3788844467 0
3788847095 0
3788849723 0
3788853665 0
3788856293 0
3788857607 0
3788858921 0
3788862863 0
3788864177 0
3789031055 0
3789033683 0
3789038939 0
3789046823 0
3789061277 0
3789062591 0
3789065219 0
3789067847 0
3789092813 0
3789095441 0
3789255749 0
3789257063 0
3789262271 0
3789347297 0
3789351203 0
3789353831 0
3789355145 0
3789356459 0
3789361715 0
3789472559 37
3789475187 0
3789477815 0
3789479129 0
3789480443 0
3789481757 0
3789483071 0
3789484385 0
3789485699 0
3789487013 0
3789642065 0
3789643379 0
3789644693 0
3789646007 0
3789647321 0
3789649949 0
3789652577 0
3789653891 0
3789657833 0
3789660461 0
3789661775 0
3789663089 0
3789665717 0
3789667031 0
3789669659 0
3789670973 0
3789673601 0
3789674915 0
3789676229 0
3789677543 0
3789681485 0
3789685427 0
3789688055 0
3789690683 0
3789691997 0
3789694625 0
3789697253 0
3789698567 0
3789699881 0
3789702509 0
3789706451 0
3789709079 0
3789711707 0
3789714335 0
3789716963 0
3789719591 0
3789722219 0
3789723533 0
3789724847 0
3789727475 0
3789730103 0
3789732731 0
3789737987 0
3789907493 0
3789909873 0
3789911187 0
3789912501 0
3789913815 0
3789942723 0
3789946913 0
3789949541 0
3790002101 38
3790003415 0
3790006043 0
3790007357 0
3790008671 0
3790011299 0
3790012613 0
3790016555 0
3790019183 0
3790083569 0
3790190003 0
3790191317 0
3790192631 0
3790193945 0
3790195259 0
3790197887 0
3790200515 0
3790204457 0
3790274099 0
3790380533 0
3790383161 0
3790385789 0
3790387103 0
3790389731 0
3790392359 0
3790394987 0
3790397615 39
3790398929 0
3790467257 0
3790534271 0
3790536899 0
3790539527 0
3790542155 0
3790543469 0
3790547411 0
3790550039 0
3790632821 42
3790634135 0
3790636763 0
3790639391 0
3790644647 0
3790647275 0
3790648589 0
3790649903 0
3790657787 0
3790660415 0
3790663043 0
3790777361 9
3791044505 0
3791047133 0
3791052389 0
3791055017 0
3791164391 37
3791167019 0
3791168333 0
3791169647 0
3791170961 0
3791172275 0
3791173589 0
3791174903 0
3791304989 0
3791306303 0
3791307605 0
3791308907 0
3791310209 0
3791310379 0
3791311681 0
3791314285 0
3791316889 0
3791318191 0
3791320787 0
3791322081 0
3791323375 0
3791325963 0
3791328551 0
3791331139 0
3791333727 0
3791335021 0
3791337609 0
3791338903 0
3791341491 0
3791344079 0
3791346667 0
3791349255 0
3791353137 0
3791354431 0
3791358313 0
3791359607 0
3791361491 0
3791364079 0
3791367961 0
3791369255 0
3791371843 0
3791374431 0
3791378313 0
3791380901 0
3791383489 0
3791386077 0
3791388665 0
3791389959 0
3791392547 0
3791395135 0
3791397723 0
3791399017 0
3791402899 0
3791405487 0
3791408075 0
3791410663 0
3791414553 0
3791415855 0
3791418483 0
3791421111 0
3791423739 0
3791425877 0
3791428505 0
3791429819 0
3791432447 0
3791433761 0
3791436389 0
3791439017 0
3791441645 0
3791444273 0
3791446901 0
3791450843 0
3791452157 0
3791454785 0
3791458727 0
3791461355 0
3791462669 0
3791466611 0
3791467925 0
3791471867 0
3791474495 0
3791477123 0
3791479751 0
3791481065 0
3791485007 0
3791486321 0
3791488949 0
3791492891 0
3791495519 0
3791498147 0
3791502089 0
3791503403 0
3791506031 0
3791508659 0
3791511287 0
3791513915 0
3791516543 0
3791517857 0
3791520485 0
3791523113 0
3791525741 0
3791528369 0
3791530997 0
3791532311 0
3791533625 0
3791536253 0
3791538881 0
3791542823 0
3791544137 0
3791548079 0
3791550707 0
3791552021 0
3791555963 0
3791557277 0
3791561219 0
3791563847 0
3791565161 0
3791567789 0
3791571731 0
3791574359 0
3791575673 0
3791578301 0
3791580929 0
3791583557 0
3791586185 0
3791588813 0
3791592755 0
3791594069 0
3791596697 0
3791600639 0
3791603267 0
3791604581 0
3791608523 0
3791611151 0
3791612465 0
3791615093 0
3791617721 0
3791619035 0
3791621663 0
3791624291 0
3791626919 0
3791629547 0
3791632175 0
3791633489 0
3791634803 0
3791637431 0
3791640059 0
3791642687 0
3791646629 0
3791647943 0
3791650571 0
3791654513 0
3791655827 0
3791658455 0
3791661083 0
3791665025 0
3791666339 0
3791668967 0
3791671595 0
3791674223 0
3791676851 0
3791679479 0
3791682107 0
3791686049 0
3791688677 0
3791691305 0
3791693933 0
3791696561 0
3791699189 0
3791701817 0
3791704445 0
3791707073 0
3791709701 0
3791712329 0
3791714957 0
3791717585 0
3791720213 0
3791722841 0
3791725469 0
3791728097 0
3791730725 0
3791733353 0
3791735981 0
3791737295 0
3791741237 0
3791743865 0
3791745179 0
3791747807 0
3791750435 0
3791754377 0
3791757005 0
3791759633 0
3791762261 0
3791763575 0
3791766203 0
3791768831 0
3791772773 0
3791774087 0
3791776715 0
3791779343 0
3791781971 0
3791784599 0
3791787227 0
3791789855 0
3791792483 0
3791795111 0
3791797739 0
3791800367 0
3791802995 0
3791805623 0
3791809565 0
3791812193 0
3791813507 0
3791816135 0
3791817449 0
3791820077 0
3791822705 0
3791825333 0
3791827961 0
3791830589 0
3791833217 0
3791834531 0
3791837159 0
3791838473 0
3791839787 0
3791841101 0
3791842415 0
3791866067 0
3791894975 0
3791896289 0
3791898917 0
3791901545 0
3791912057 0
3791917313 0
3791919941 0
3791921255 2
3791926511 0
3791929139 0
3791931767 0
3791934395 0
3791937023 0
3791938337 0
3791940965 0
3791943593 0
3791946221 0
3791948849 0
3791972501 0
3792001409 0
3792004037 0
3792010607 0
3792015863 0
3792021119 0
3792023747 0
3792026375 0
3792031631 0
3792034259 0
3792036887 0
3792039515 0
3792042143 0
3792044771 0
3792047399 0
3792048713 0
3792051341 0
3792053969 0
3792077621 0
3792109157 0
3792117041 0
3792122297 0
3792127553 0
3792130181 0
3792132809 0
3792136751 0
3792139379 0
3792142007 0
3792144635 0
3792147263 0
3792149891 0
3792152519 0
3792155147 0
3792157775 0
3792160403 0
3792184055 0
3792211649 0
3792214277 0
3792216905 0
3792224789 0
3792227417 0
3792232673 0
3792237929 0
3792243185 0
3792245813 0
3792248441 0
3792251069 0
3792253697 0
3792256325 0
3792257639 0
3792258953 0
3792262895 0
3792265523 0
3792268151 0
3792291803 0
3792320711 0
3792323339 0
3792325967 0
3792327281 0
3792332537 0
3792335165 0
3792340421 0
3792345677 0
3792350933 0
3792353561 0
3792356189 0
3792358817 0
3792361445 0
3792364073 0
3792366701 0
3792371957 0
3792373271 0
3792374585 0
3792399551 0
3792428459 0
3792431087 0
3792433715 0
3792441599 0
3792446855 0
3792452111 0
3792458681 0
3792461309 0
3792463937 0
3792466565 0
3792471821 0
3792474449 0
3792477077 0
3792479705 0
3792482333 0
3792483647 0
3792504671 0
3792507299 0
3792538835 0
3792541463 0
3792544091 0
3792549347 0
3792554603 0
3792559859 0
3792567743 0
3792570371 0
3792572999 0
3792575627 0
3792580883 0
3792583511 0
3792584825 0
3792586139 0
3792588767 0
3792590081 0
3792591395 0
3792601907 1
3792615047 0
3792649211 0
3792651839 0
3792653153 0
3792655781 0
3792658409 0
3792663665 0
3792668921 0
3792676805 0
3792682061 0
3792684689 0
3792686003 0
3792691259 0
3792693887 0
3792695201 0
3792697829 0
3792700457 0
3792701771 0
3792713597 0
3792726737 0
3792760901 0
3792763529 0
3792766157 0
3792768785 0
3792771413 0
3792774041 0
3792776669 0
3792780611 0
3792783239 0
3792785867 0
3792788495 0
3792791123 0
3792793751 0
3792796379 0
3792799007 0
3792801635 0
3792804263 0
3792805577 0
3792808205 0
3792810833 0
3792812147 0
3792814775 0
3792817403 0
3792821345 0
3792822659 0
3792825287 0
3792829229 0
3792830543 0
3792834485 0
3792835799 0
3792838427 0
3792842369 0
3792844997 0
3792847625 0
3792850253 0
3792852881 0
3792855509 0
3792858137 0
3792860765 0
3792863393 0
3792866021 0
3792868649 0
3792871277 0
3792875219 0
3792876533 0
3792879161 0
3792881789 0
3792884417 0
3792887045 0
3792889673 0
3792890987 0
3792893615 0
3792897557 0
3792898871 0
3792901499 0
3792904127 0
3792906755 0
3792909383 0
3792913325 0
3792914639 0
3792915953 0
3792917267 0
3792918581 0
3792921209 0
3792922523 0
3792925151 0
3792927779 0
3792930407 0
3792933035 0
3792935663 0
3792938291 0
3792942233 0
3792943547 0
3792946175 0
3792948803 0
3792952745 0
3792955373 0
3792956687 0
3792960629 0
3792963257 0
3792964571 0
3792967199 0
3792971141 0
3792973769 0
3792976397 0
3792980339 0
3792981653 0
3792984281 0
3792986909 0
3792989537 0
3792992165 0
3792994793 0
3792997421 0
3793000049 0
3793001363 0
3793003991 0
3793006619 0
3793009247 0
3793011875 0
3793014503 0
3793017131 0
3793019759 0
3793022387 0
3793025015 0
3793026329 0
3793028957 0
3793031585 0
3793032899 0
3793035527 0
3793038155 0
3793040783 0
3793043411 0
3793046039 0
3793048667 0
3793051295 0
3793053923 0
3793056551 0
3793059179 0
3793063121 0
3793065749 0
3793067063 0
3793069691 0
3793073633 0
3793090715 0
3793093343 0
3793099913 0
3793102541 0
3793103855 0
3793106483 0
3793109111 0
3793111739 0
3793114367 0
3793119623 0
3793120937 0
3793123565 0
3793126193 0
3793128821 0
3793131449 0
3793134077 0
3793136705 0
3793139333 0
3793141961 0
3793144589 0
3793145903 0
3793147217 0
3793149845 0
3793160357 0
3793169555 0
3793185323 0
3793203719 0
3793206347 0
3793211603 0
3793214231 0
3793216859 0
3793219487 0
3793224743 0
3793227371 0
3793231313 0
3793233941 0
3793236569 0
3793239197 0
3793241825 0
3793244453 0
3793247081 0
3793249709 0
3793252337 0
3793254965 0
3793257593 0
3793260221 0
3793262849 0
3793265477 0
3793273361 0
3793281245 0
3793304897 0
3793316723 0
3793319351 0
3793324607 0
3793327235 0
3793329863 0
3793332491 0
3793337747 0
3793340375 0
3793345631 0
3793348259 0
3793350887 0
3793353515 0
3793356143 0
3793357457 0
3793360085 0
3793362713 0
3793365341 0
3793367969 0
3793369283 0
3793370597 0
3793373225 0
3793375853 0
3793378481 0
3793391621 0
3793394249 0
3793417901 0
3793429727 0
3793432355 0
3793434983 0
3793437611 0
3793440239 0
3793442867 0
3793445495 0
3793450751 0
3793453379 0
3793458635 0
3793461263 0
3793463891 0
3793466519 0
3793469147 0
3793474403 0
3793477031 0
3793478345 0
3793480973 0
3793483601 0
3793486229 0
3793489171 0
3793491799 0
3793502311 0
3793504939 0
3793533847 0
3793541731 0
3793544359 0
3793546987 0
3793549615 0
3793553871 0
3793556499 0
3793561755 0
3793567011 0
3793572267 0
3793573581 0
3793576209 0
3793578837 0
3793581465 0
3793586721 0
3793589349 0
3793590663 0
3793593291 0
3793595919 0
3793598547 0
3793603803 0
3793614315 0
3793616343 0
3793637367 0
3793653135 0
3793655763 0
3793661019 0
3793663647 0
3793668903 1
3793671531 1
3793679415 0
3793681443 0
3793684071 0
3793686699 0
3793689327 0
3793691955 0
3793694583 0
3793699839 0
3793702467 0
3793705095 0
3793707723 0
3793712979 0
3793715607 0
3793718235 0
3793728747 0
3793734003 0
3793751085 0
3793766853 0
3793769481 0
3793774737 0
3793777365 0
3793782621 0
3793785249 0
3793787877 0
3793790505 0
3793793133 0
3793795761 0
3793798389 0
3793801017 0
3793803645 0
3793806273 0
3793808901 0
3793810215 0
3793812843 0
3793815471 0
3793818099 0
3793819413 0
3793820727 0
3793823355 0
3793825983 0
3793828611 0
3793831239 0
3793833867 0
3793836495 0
3793839123 0
3793841751 0
3793844379 0
3793847007 0
3793849635 0
3793853577 0
3793856205 0
3793857519 0
3793860147 0
3793864089 0
3793865403 0
3793868031 0
3793870659 0
3793874601 0
3793877229 0
3793879857 0
3793882485 0
3793885113 0
3793887741 0
3793890369 0
3793892997 0
3793896939 0
3793898253 0
3793900881 0
3793904823 0
3793906137 0
3793908765 0
3793911393 0
3793914021 0
3793916649 0
3793919277 0
3793921905 0
3793924533 0
3793927161 0
3793929789 0
3793932417 0
3793935045 0
3793937673 0
3793938987 0
3793941615 0
3793944243 0
3793946871 0
3793949499 0
3793953441 0
3793954755 0
3793957383 0
3793960011 0
3793965267 0
3793967895 0
3793970523 0
3793973151 0
3793975779 0
3793978407 0
3793981035 0
3793984977 0
3793986291 0
3793988919 0
3793991547 0
3793995489 0
3793996803 0
3793999431 0
3794002059 0
3794003373 0
3794006001 0
3794008629 0
3794011257 0
3794013885 0
3794016513 0
3794019141 0
3794021769 0
3794024397 0
3794027025 0
3794029653 0
3794032281 0
3794034909 0
3794037537 0
3794040165 0
3794042793 0
3794045421 0
3794048049 0
3794050677 0
3794053305 0
3794055933 0
3794058561 0
3794063817 0
3794067759 0
3794070387 0
3794073015 0
3794091411 0
3794094039 0
3794109807 0
3794112435 0
3794117691 0
3794120319 0
3794125575 0
3794128203 0
3794132145 0
3794134773 0
3794137401 0
3794140029 0
3794142657 0
3794145285 0
3794147913 0
3794150541 0
3794153169 0
3794155797 0
3794158425 0
3794161053 0
3794163681 0
3794166309 0
3794168937 0
3794171565 0
3794174193 0
3794179449 0
3794184705 0
3794187333 0
3794209671 0
3794225439 0
3794228067 0
3794233323 0
3794235951 0
3794241207 0
3794243835 0
3794249091 0
3794251719 0
3794254347 0
3794256975 0
3794259603 0
3794260917 0
3794263545 0
3794266173 0
3794268801 0
3794271429 0
3794274057 0
3794276685 0
3794279313 0
3794281941 0
3794284569 0
3794287197 0
3794289825 0
3794295081 0
3794300337 0
3794302965 0
3794325303 0
3794341071 0
3794351583 0
3794354211 0
3794356839 0
3794359467 0
3794362095 0
3794367351 0
3794369979 0
3794372607 0
3794375235 0
3794377863 0
3794380491 0
3794383119 0
3794385747 0
3794389689 0
3794391003 0
3794393631 0
3794396259 0
3794398887 0
3794401515 0
3794402829 0
3794404143 0
3794406771 0
3794412027 0
3794417283 0
3794419911 0
3794440935 0
3794459331 0
3794468529 0
3794469843 0
3794475099 0
3794476413 0
3794479041 0
3794484297 0
3794486925 0
3794489553 0
3794492181 0
3794494809 1
3794497437 0
3794500065 0
3794502693 0
3794505321 0
3794507949 0
3794510577 0
3794513205 0
3794515833 0
3794518461 0
3794521089 0
3794523717 0
3794528973 0
3794534229 0
3794536857 0
3794557881 0
3794576277 0
3794585475 0
3794588103 0
3794590731 0
3794593359 0
3794595987 0
3794598615 0
3794601243 0
3794603871 0
3794606499 0
3794609127 0
3794611755 0
3794614383 0
3794617011 0
3794619639 0
3794622267 0
3794624895 0
3794627523 0
3794630151 0
3794632779 0
3794635407 0
3794638035 0
3794640663 0
3794643291 0
3794645919 0
3794647233 0
3794649861 0
3794652489 0
3794655117 0
3794657745 0
3794660373 0
3794664315 0
3794665629 0
3794668257 0
3794670885 0
3794673513 0
3794676141 0
3794678769 0
3794681397 0
3794684025 0
3794686653 0
3794689281 0
3794691909 0
3794694537 0
3794697165 0
3794701107 0
3794702421 0
3794705049 0
3794707677 0
3794710305 0
3794711619 0
3794715561 0
3794716875 0
3794719503 0
3794722131 0
3794724759 0
3794727387 0
3794730015 0
3794732643 0
3794735271 0
3794737899 0
3794740527 0
3794743155 0
3794745783 0
3794748411 0
3794751039 0
3794753667 0
3794756295 0
3794758923 0
3794761551 0
3794764179 0
3794766807 0
3794769435 0
3794772063 0
3794774691 0
3794777319 0
3794789145 0
3794807541 0
3794808855 0
3794816739 4
3794818053 0
3794820681 0
3794823309 0
3794825937 0
3794828565 0
3794831193 0
3794833821 0
3794836449 0
3794839077 0
3794840391 0
3794843019 0
3794845647 0
3794848275 0
3794850903 0
3794853531 0
3794856159 0
3794858787 0
3794861415 0
3794864043 0
3794866671 0
3794869299 0
3794871927 0
3794874555 0
3794877183 0
3794879811 0
3794882439 0
3794885067 0
3794887695 0
3794890323 0
3794895579 0
3794907405 0
3794925801 0
3794928429 0
3794936313 0
3794941569 0
3794944197 0
3794949453 0
3794952081 0
3794957337 0
3794959965 0
3794962593 0
3794965221 0
3794967849 0
3794971791 0
3794977047 0
3794979675 0
3794982303 0
3794984931 0
3794987559 0
3794990187 0
3794995443 0
3794998071 0
3795000699 0
3795003327 0
3795005955 0
3795008583 0
3795011211 0
3795013839 0
3795026979 0
3795046689 0
3795049317 0
3795062457 0
3795065085 0
3795067713 0
3795072969 0
3795078225 0
3795080853 0
3795083481 0
3795086109 0
3795091365 0
3795097935 0
3795103191 0
3795105819 0
3795108447 0
3795113703 0
3795116331 0
3795118959 0
3795121587 0
3795124215 0
3795129471 0
3795132099 0
3795142611 1
3795145239 0
3795167577 0
3795170205 0
3795183345 0
3795185973 0
3795188601 0
3795191229 0
3795199113 0
3795201741 0
3795204369 0
3795209625 0
3795212253 0
3795214881 0
3795217509 0
3795220137 0
3795222765 0
3795225393 0
3795226707 0
3795229335 0
3795231963 0
3795234591 0
3795237219 0
3795239847 0
3795242475 0
3795245103 0
3795247731 0
3795249045 0
3795250359 0
3795252987 0
3795258243 0
3795260871 0
3795263499 0
3795266127 0
3795268755 0
3795271383 0
3795274011 0
3795276639 0
3795279267 0
3795283209 0
3795284523 0
3795287151 0
3795289779 0
3795291093 0
3795293721 0
3795297663 0
3795298977 0
3795301605 0
3795304233 0
3795306861 0
3795309489 0
3795312117 0
3795314745 0
3795317373 0
3795320001 0
3795322629 0
3795325257 0
3795327885 0
3795330513 0
3795333141 0
3795335769 0
3795338397 0
3795341025 0
3795343653 0
3795346281 0
3795348909 0
3795351537 0
3795354165 0
3795355479 0
3795358107 0
3795360735 0
3795363363 0
3795365991 0
3795367305 0
3795371247 0
3795373875 0
3795383073 0
3795384387 0
3795385701 0
3795409353 0
3795411981 0
3795425121 0
3795427749 0
3795430377 0
3795433005 0
3795440889 0
3795442203 0
3795443517 0
3795444831 0
3795447459 0
3795450087 0
3795452715 0
3795455343 0
3795457971 0
3795460599 0
3795465855 0
3795468483 0
3795471111 0
3795473739 0
3795476367 0
3795477681 0
3795480309 0
3795482937 0
3795484251 0
3795486879 0
3795489507 0
3795494763 0
3795503961 0
3795505275 0
3795506589 0
3795509217 0
3795532869 0
3795548637 0
3795551265 0
3795553893 0
3795556521 0
3795561777 0
3795564405 0
3795567033 0
3795569661 0
3795572289 0
3795574917 0
3795577545 0
3795580173 0
3795582801 0
3795588057 0
3795590685 0
3795593313 0
3795598569 0
3795599883 0
3795601197 0
3795602511 0
3795605139 0
3795607767 0
3795610395 0
3795613023 0
3795616965 0
3795618279 0
3795626163 0
3795628791 0
3795631419 0
3795632733 0
3795656385 0
3795672153 0
3795677409 0
3795680037 0
3795685293 0
3795687921 0
3795690549 0
3795693177 0
3795695805 0
3795698433 0
3795701061 0
3795703689 0
3795706317 0
3795708945 0
3795711573 0
3795714201 0
3795716829 0
3795719457 0
3795722085 0
3795723399 0
3795724713 0
3795727341 0
3795729969 0
3795731283 0
3795732597 0
3795735225 0
3795737853 0
3795741795 0
3795744423 0
3795747051 0
3795749679 0
3795752307 0
3795754935 0
3795756249 0
3795758877 0
3795761505 0
3795764133 0
3795766761 0
3795769389 0
3795772017 0
3795774645 0
3795777273 0
3795779901 0
3795783843 0
3795785157 0
3795787785 0
3795790413 0
3795793041 0
3795795669 0
3795798297 0
3795800925 0
3795803553 0
3795806181 0
3795808809 0
3795816693 0
3795821949 0
3795824577 0
3795827205 0
3795829833 0
3795832461 0
3795835089 0
3795837717 0
3795845601 0
3795846915 0
3795849543 0
3795852171 0
3795854799 0
3795857427 0
3795860055 0
3795862683 0
3795865311 0
3795873195 0
3795875823 0
3795878451 0
3795879765 0
3795896847 0
3795904731 0
3795920499 0
3795925755 0
3795928383 0
3795931011 0
3795933639 0
3795934953 0
3795942837 0
3795948093 0
3795950721 0
3795955977 0
3795959919 0
3795962547 0
3795969117 0
3795970431 0
3795971745 0
3795973059 0
3795978315 0
3795980943 0
3795983571 0
3795986199 0
3795987513 0
3795990141 0
3795998025 0
3795999339 0
3796001967 0
3796004595 0
3796022991 1
3796030875 0
3796046643 0
3796049271 0
3796054527 0
3796057155 0
3796059783 0
3796063725 0
3796066353 0
3796068981 0
3796071609 0
3796074237 0
3796076865 0
3796079493 0
3796082121 0
3796084749 0
3796088691 0
3796090005 0
3796093947 0
3796095261 0
3796097889 0
3796100517 0
3796103145 0
3796105773 0
3796108401 0
3796111029 0
3796112343 0
3796114971 0
3796117599 0
3796120227 0
3796122855 0
3796125483 0
3796128111 0
3796130739 0
3796133367 0
3796137309 0
3796138623 0
3796142565 0
3796145193 0
3796146507 0
3796149135 0
3796151763 0
3796170159 0
3796175415 0
3796185927 0
3796203009 0
3796205637 0
3796213521 0
3796216149 0
3796217463 0
3796218777 0
3796221405 0
3796224033 0
3796226661 0
3796229289 0
3796237173 0
3796239801 0
3796241115 0
3796247685 0
3796248999 0
3796251627 0
3796254255 0
3796270023 0
3796272651 0
3796275279 0
3796296303 0
3796301559 0
3796306815 0
3796312071 0
3796331781 0
3796334409 0
3796339665 0
3796342293 0
3796344921 0
3796347549 0
3796348863 0
3796350177 0
3796352805 0
3796355433 0
3796358061 0
3796360689 0
3796363317 0
3796365945 0
3796368573 0
3796371201 0
3796373829 0
3796376457 0
3796379085 0
3796381713 0
3796384341 0
3796385655 0
3796388283 0
3796390911 0
3796393539 0
3796397481 0
3796398795 0
3796401423 0
3796402737 0
3796405365 0
3796407993 0
3796410621 0
3796413249 0
3796415877 0
3796418505 1
3796421133 0
3796422787 0
3796433299 0
3796441183 0
3796443811 0
3796465809 0
3796468437 0
3796481577 0
3796497345 0
3796502601 0
3796505229 0
3796522311 0
3796524939 0
3796527567 0
3796530195 0
3796543335 0
3796545963 27
3796547277 1
3796549905 0
3796552533 0
3796563045 0
3796568301 0
3796570929 0
3796573557 0
3796576185 0
3796578813 0
3796582755 0
3796585383 0
3796586697 0
3796589325 0
3796591953 0
3796594581 0
3796597209 0
3796610349 0
3796626117 0
3796628715 0
3796631343 0
3796656339 0
3796695759 0
3796701015 0
3796704957 0
3796707585 0
3796710213 0
3796714155 0
3796715469 42
3796716783 0
3796718097 0
3796719411 0
3796720725 0
3796722039 0
3796724667 0
3796725981 0
3796727295 0
3796729923 0
3796732551 0
3796733865 0
3796735179 0
3796737807 0
3796740435 0
3796743063 0
3796744377 0
3796745691 0
3796747005 0
3796748319 0
3796750947 0
3796753575 0
3796754889 0
3796756203 0
3796758831 0
3796760145 0
3796761459 0
3796787739 39
3796835043 30
3796887603 39
3796948047 39
3796959873 0
3796961187 0
3796962501 0
3796963815 0
3796965129 0
3796967757 0
3796970385 0
3796971699 0
3796973013 0
3796975641 0
3796978269 0
3796979583 0
3796980897 0
3796983525 0
3796986153 0
3796988781 0
3796991409 0
3796994037 0
3796996665 0
3796999293 0
3797001921 0
3797004549 0
3797007177 0
3797009805 0
3797012433 0
3797013747 0
3797015061 0
3797017689 0
3797020317 0
3797022945 0
3797025573 0
3797028201 0
3797029515 0
3797032143 0
3797034771 0
3797135949 39
3797160915 43
3797227929 0
3797230557 0
3797233185 0
3797235813 0
3797237127 0
3797264721 41
3797363271 25
3797364585 0
